.Random.seed <-
c(403L, 34L, 229681425L, -719639433L, 982000656L, 1922050544L, 
-297682478L, -1077351717L, 2138284751L, -1642907164L, 604166742L, 
-671177416L, -1596805646L, 1837510776L, -1457944715L, 1084170505L, 
-727778695L, 513158103L, -796024613L, -1591419903L, -934765016L, 
-617075024L, -234010641L, 1644485256L, -353653771L, 628386201L, 
-1559861041L, -452977031L, -1051526802L, 1321460917L, -1345387722L, 
1294752149L, 502723518L, -18702928L, -272649524L, 645836885L, 
-1484640863L, -1019753844L, -1802981024L, 848824629L, -830450029L, 
369365791L, -1152845425L, -828040078L, 711177582L, -613570803L, 
1782445284L, -1938404390L, 261670909L, 1781245275L, -438778785L, 
1797051364L, 117475777L, 580092670L, 1165771667L, 1610409920L, 
297708931L, -1364889578L, -33323144L, 1428015174L, -651280032L, 
-1272470741L, 323919639L, 346332752L, -1153331377L, -1409939620L, 
-221417984L, -1412483829L, -384619462L, 742396270L, 2014464366L, 
-362210510L, 1307235836L, -461522184L, -90732903L, 1969345149L, 
-939869304L, -988942282L, 1830762887L, 104745361L, -1029523345L, 
-2135426197L, -1628673678L, 2138658736L, 1831616997L, -795819526L, 
1224696578L, -1446612763L, 218979205L, 2107812080L, -1429341385L, 
-1362948370L, 1697757228L, 1035939563L, -730965823L, -2060943522L, 
-582097798L, -1179662588L, 1970522232L, -613768246L, 1169238896L, 
-35847975L, -1063221611L, -1104899425L, 905154480L, 1277042220L, 
-693418330L, -1056810059L, 1692822341L, -319825734L, 27961031L, 
1767964537L, 750917397L, -1732454640L, 1994950479L, 1367383581L, 
122670113L, -2022393329L, -659349321L, -1076849833L, -910648207L, 
-1092723060L, 1035755575L, 1754727722L, -718313406L, 590341359L, 
10324301L, -1294155446L, 1770200522L, -121224659L, 45145886L, 
1285891413L, -1893299915L, -250344276L, 492022735L, -1999793488L, 
-1830505698L, 1423759518L, 1081255251L, -2137307988L, -538367837L, 
-816789555L, -121432160L, -1239882853L, 770479789L, 1901725897L, 
-1857595808L, -103463322L, 1509683182L, -950622466L, 948921571L, 
1679303750L, -183560232L, 1461043537L, -1731354502L, -609911982L, 
624273852L, 861249325L, -1944428350L, 1052525162L, 718839479L, 
-1803282289L, 779424904L, 1499262753L, -494670017L, -553610045L, 
1970063906L, -347371359L, -1712371241L, 1320577666L, 298110077L, 
1886935496L, 1391907323L, -1329653237L, 860702139L, 28682368L, 
-689308205L, 1743491035L, 1037138592L, -48797676L, 1667319264L, 
-566912284L, -1341273489L, 868611578L, 111558789L, 1666779556L, 
-1658508338L, -908469846L, -1294371091L, -2110789810L, -327628916L, 
214553239L, 1481095331L, 1612778302L, -711790L, 385392144L, 241798400L, 
1779653694L, -73345815L, -752730953L, -1726498293L, -2061137588L, 
1047358839L, -78180639L, 1854201520L, -1233275677L, -213974445L, 
73000543L, -441077203L, 1060861464L, 1420236524L, 1243572854L, 
-2095741922L, -534462771L, -788189495L, -668796210L, 2106194934L, 
-1837120152L, -645736264L, 2087934145L, -1060326108L, -918967273L, 
1524235321L, -296356053L, 1459390437L, 1099003316L, 1641419670L, 
625098368L, -887574854L, 1820931085L, -455315392L, -456065808L, 
-818987964L, 1142895307L, -483074545L, -406130489L, -524238058L, 
-375098772L, 43191291L, -1582842001L, -830979917L, 1856770395L, 
2016608860L, 491647022L, -1244583500L, 1846643794L, 1655906001L, 
1809946994L, -1270400976L, 1839043617L, 1075772149L, 1609213142L, 
1261439610L, -1605967059L, -302152934L, -324056721L, 537568231L, 
-1943213975L, -1586894671L, -1035220575L, 268105860L, 1105938602L, 
1689144253L, -1298118420L, -1674403873L, -1653403060L, 397621513L, 
2001886567L, -112414965L, 599262904L, 1879897926L, -1526401860L, 
1380218370L, -572012066L, 71112913L, 1971436L, 2060278180L, 69491705L, 
1966994424L, 578889156L, 1646314361L, -2090907633L, -1617277935L, 
345650644L, 835323294L, 1760975095L, 71529948L, 1877304354L, 
-232037913L, -1080438705L, 969505871L, 1825971875L, 1962807415L, 
-305770313L, -1816843165L, 1830076649L, -561188795L, -920747594L, 
1460018293L, -1516319752L, -931209762L, 1570591290L, 947921187L, 
-1455582117L, 1026844278L, 1259705875L, 568834477L, 1151292284L, 
1289751185L, 175738972L, -1581254627L, -375986822L, 843499639L, 
984020479L, -1497923001L, -1081453486L, -1071118482L, -1290290560L, 
-1216075311L, 1203471122L, -236754490L, -1826939078L, -561914508L, 
1351774853L, 1352605627L, 2117182858L, 215938637L, 1006125258L, 
-738459780L, 1093417520L, -817241864L, -1919532099L, -257245549L, 
-258906664L, -230247931L, -726510674L, -1791521530L, 1235710822L, 
53322415L, 695987489L, -454559986L, -1507553096L, 1194478771L, 
-615491202L, -1723257529L, -1380529611L, 790394779L, -1510352200L, 
-1179018427L, 2106461211L, -1855277337L, 834027487L, 1839129103L, 
-240343416L, -945144136L, -1668733455L, 199090372L, -139606713L, 
304213087L, 1329319757L, -399549463L, -1031527560L, 430750156L, 
-63020216L, 1044215214L, 102867161L, -1988077383L, 215044988L, 
736167681L, 743081796L, 1647104974L, 667994903L, -1394481278L, 
-2017790182L, 2013256958L, 1786606350L, -1810624271L, -1166181096L, 
-198989978L, 8005106L, -403266427L, -1790778700L, 1720189254L, 
-977233331L, 1845496333L, -597371625L, -2083226643L, -524258840L, 
503852944L, -1163926777L, -982519076L, 804827270L, 590018607L, 
-440374498L, -540828951L, 1527963311L, 345884118L, 460599879L, 
-1085500180L, 719567396L, 1032084078L, 824264780L, -1573568156L, 
126424499L, -2091162019L, 1669843075L, -1823525821L, 241808742L, 
1457407551L, -340008699L, 548829575L, 1654011689L, -1415221931L, 
1442440406L, -497524383L, 1320655380L, 2025031642L, -1823907958L, 
-1616385687L, 1149702021L, -986509681L, 501744844L, -2011816332L, 
445392683L, 1325572198L, -331860916L, 1740990615L, 1302441029L, 
-1364273096L, 839181791L, -182313461L, 94372602L, -1144040154L, 
2051240622L, -597488783L, -1141654615L, -19506040L, -1179969007L, 
998743080L, -599056269L, 1297729603L, -1513056749L, -382219633L, 
-1386282884L, -1402331851L, -191228910L, 1067063800L, 659133761L, 
92258330L, -228083625L, -1481384528L, -1001539446L, -624254039L, 
-1501895592L, -972523723L, 1742983077L, -474360162L, 1999756500L, 
-1027777062L, -2133656720L, 804076392L, 1493524123L, 1314050112L, 
248848466L, 1180517555L, -1633223755L, 1046240924L, 421450660L, 
2120465922L, -256308803L, 1102014358L, -646094939L, 930884753L, 
38621466L, -757911603L, -2076329287L, 194472738L, -2085790242L, 
-833459039L, 1779115761L, -1915323448L, -333238487L, 784924806L, 
-151494884L, 1106330638L, 1337786343L, -1023513023L, -320261096L, 
-145686238L, -1826097388L, 1708059138L, -763710268L, -727656194L, 
1919778242L, 292368177L, -744460812L, -1480751304L, 1224642620L, 
-91321538L, -250212701L, -1877973007L, -1106837309L, -1387212244L, 
-1445632811L, -920930677L, 785124538L, -380992169L, -2143069527L, 
530131408L, -570257793L, -1334297505L, -903503713L, 957292424L, 
1211354978L, 1128871606L, -1966994238L, -1479150700L, 392024312L, 
-660099621L, -108173694L, -2061541480L, -1681911814L, -1479834402L, 
231082946L, -345113346L, -1420588011L, -640815227L, -1409244290L, 
891081350L, -790973893L, 1842123398L, -501353880L, 1705971191L, 
-1770661261L, -1221674180L, -1717502122L, -1144432062L, 1814754566L, 
1506442136L, -929835387L, 87517851L, -880113351L, -1540464763L, 
-1926452450L, 2084853526L, 1722040291L, 665195947L, -2068171081L, 
-1870799148L, 36721793L, 457695204L, 297378368L, -1822857626L, 
-719423960L, -840957109L, 432662074L, 1968470866L, 1983268478L, 
2106631073L, -1038049055L, 1530189071L, 1690200988L, 829913975L, 
839155723L, 1558948042L, -1522498328L, 675199770L, -56606845L, 
1897157049L, 1175208405L, 165109770L, 1477249054L, 691091506L, 
225123493L, -1905469560L, 55434639L, 1236673051L, -319831402L, 
-27111121L, -835753275L, 1928061026L, 62501885L, 1457231038L, 
-2010758561L, 2134301286L, -1902162472L, -137742202L, 1295033188L, 
-853166464L, 1687129217L, 1401724082L, -1607084887L, -1419127940L, 
