.Random.seed <-
c(403L, 10L, 724007061L, 1505339052L, -950455166L, 919123037L, 
18258775L, 1596933694L, -456504712L, 2075842907L, 96180409L, 
1012177160L, 1111133110L, -1106818831L, -716595421L, 306284914L, 
834059204L, 907704199L, -263922339L, -1454967980L, 242706810L, 
-863558459L, -1287072225L, 2047033766L, 1915368240L, -471924269L, 
-169269263L, 1851113760L, 507027390L, 1150857161L, -1829986437L, 
-1072847542L, 234074540L, 100969647L, -949373339L, -1377972708L, 
-1858281358L, -1749633299L, 814119719L, 1212610382L, 1501904808L, 
-762369109L, 1610328265L, 2021847256L, -982291066L, 1614152801L, 
363218419L, 1778844770L, 1849328340L, 430834647L, 885955021L, 
994872676L, 786966858L, -675008331L, -1995057137L, -2049396458L, 
1946930112L, 1091356547L, -559225439L, -450303600L, 462738030L, 
758662169L, -23611221L, 1447120026L, -1262662564L, 305879391L, 
-192468171L, 1668280012L, -1505256414L, 1397726845L, 1348215671L, 
-1815855970L, -411612328L, -1644335429L, 786436185L, -1665166360L, 
-184469994L, 360651153L, -114656701L, 1371421010L, -164254236L, 
865416231L, -83304323L, 135507316L, 565035354L, -781391963L, 
-2079078465L, -1738867642L, -677795120L, -917596941L, -631967215L, 
-532855744L, -1560795106L, -814770455L, 1882031131L, -971191254L, 
-1609158836L, -1589693169L, -556353467L, 245129724L, 242823250L, 
901003725L, -1061352569L, 2006875758L, 991374920L, 701859915L, 
1932493225L, -1814348552L, 396912678L, 1194563905L, -596330797L, 
-1444667774L, 429835444L, -358638537L, -1914626259L, 1743068228L, 
-2000535190L, 676494805L, -170615953L, 1509630582L, 348534176L, 
544277091L, -2005490943L, 1902492272L, -618654194L, 1622163065L, 
-1102222837L, -763256006L, -751289796L, 1143912831L, -1285451051L, 
2060649196L, 794416194L, 1557924765L, 1551540759L, -482920578L, 
938743096L, 1809351195L, -434214023L, -111792696L, 953135606L, 
1726317617L, -1096935837L, -247297486L, 1776727940L, 445064647L, 
2125966493L, -1737724908L, -1116747078L, 726207237L, 309694687L, 
-148215450L, 437345520L, -493844461L, 792714673L, 463108192L, 
1848137214L, -1665932919L, -590932293L, -1389735286L, -347165332L, 
482704111L, -1182104283L, 1874883548L, 1185481138L, 386965677L, 
-252874649L, -1532766322L, 309223528L, -1307005845L, 1995404809L, 
1876383896L, -1602698298L, -373041375L, -712559693L, -1356612830L, 
-1787269868L, -177513065L, 1925186957L, -694877020L, 1829791370L, 
-214262539L, 259687247L, -1642046378L, 615046912L, -1451853245L, 
1391305185L, -423189168L, -69878866L, 609335641L, 980617067L, 
903665370L, -1969916004L, -81081441L, 1011741173L, -105823092L, 
100101474L, -958521027L, 1355418039L, -2134839714L, 1666066328L, 
-1566652677L, 93236889L, -542238936L, 1860758998L, 1259639377L, 
919406851L, -1780292462L, -1940751836L, -449501977L, 191707453L, 
-1442001484L, -906931686L, 616937829L, -1286944769L, -951861626L, 
659219984L, -861414221L, -1872300207L, 136280832L, -1205214754L, 
1573530153L, -1544459813L, 1177540330L, 1127502988L, 422108111L, 
885519237L, -216506308L, 351138066L, 1455573434L, -1517825072L, 
-573561364L, -388788332L, 853253842L, -270673312L, -1697383092L, 
-492097248L, 1942703746L, -869554712L, 287343596L, 26262076L, 
-792934798L, -551838864L, 1794740516L, -513773000L, -1439336038L, 
1734888912L, 1224265148L, 614765716L, -61998974L, -1708474944L, 
1331916604L, 1403052176L, -526062814L, -119813624L, 1549732108L, 
-1680037476L, -1244583406L, 1561104256L, 1600867092L, -1124597464L, 
-902248390L, 2027518928L, -1748406676L, 1447449140L, 1604347538L, 
-537739936L, 948013388L, 1869845472L, 462766498L, -1180952152L, 
-2091886964L, -704545348L, 1240322674L, -441095184L, 2121515588L, 
-2094616488L, 607167546L, -521137040L, 349725756L, 350192916L, 
-1760261438L, 2009118432L, 2027064444L, -1034253616L, -254326366L, 
876723240L, 266774284L, -1865478724L, -457717966L, -581955904L, 
-1239404492L, -656011576L, -1831450438L, -1901157744L, -497877268L, 
-1212827052L, 294940306L, 1837927712L, -926693940L, 697462496L, 
2120451266L, 959708200L, -1579420756L, -662475076L, -2026399758L, 
-133375440L, -117013596L, -653734472L, -678654118L, -1614552944L, 
1148686204L, 2072696084L, -1323349694L, 740037888L, -864181828L, 
1708885328L, -1950428894L, 642724424L, -1699118068L, 1476563548L, 
1445520850L, 85720576L, -888014508L, 1225403624L, -1478076166L, 
-2590000L, 1483587372L, -1518156556L, -1643995758L, -561385120L, 
1677856780L, -2035455776L, 1867863650L, 701272232L, 1195688012L, 
-465496196L, -611521230L, 1786883696L, 736507716L, 1891216344L, 
-1112463494L, -2053299152L, -1870927940L, -777799084L, -1673150L, 
-477780320L, 244552380L, -1370058800L, -1138126494L, -801084696L, 
-1314837300L, -1384027652L, -1271582222L, 1351571584L, -1837351436L, 
-494835064L, -279288006L, -22306480L, 944160876L, -1446787692L, 
594367570L, 1237922272L, 770101452L, -1445340512L, -1237395070L, 
639601896L, 449532652L, -1621026500L, -1560742798L, 832888432L, 
1667245604L, -683136968L, 2065315098L, 926027984L, -896164548L, 
-751935596L, 200662914L, 285646784L, 1946895932L, 580381072L, 
529990690L, -1589151480L, 334853260L, 1669579548L, -775784302L, 
372812160L, -604980204L, -985473240L, -1305205190L, -1881607728L, 
835318124L, -73254988L, -1859117550L, 1992885216L, 334972364L, 
522216672L, 1336823842L, -124168408L, -440945140L, 1429074748L, 
-160254990L, 896994032L, -927962556L, 1690240600L, 1227396922L, 
1425699824L, 332924604L, 2042619156L, 1786400962L, 2027715680L, 
397785468L, 591763408L, 360626466L, 1577168552L, -522921076L, 
-280707908L, 1129029426L, -424418752L, -1871412044L, 1364378696L, 
1447631290L, 783351312L, 955336940L, 1286920532L, 483522322L, 
87430560L, 1339718348L, 1668707936L, 1311154114L, 1462403880L, 
1628474796L, -1789308612L, 1006452594L, 1949958448L, -453300444L, 
1104643384L, 1126177498L, 1199245200L, -1212247300L, -1908265068L, 
-2020956094L, 1841831168L, 1543597116L, 1308790096L, -812705630L, 
-1906264248L, -122677492L, -949499172L, -1016286382L, -1574006144L, 
1412429908L, -706212888L, 1268594426L, 1998997840L, 282542892L, 
-1618929469L, -312969979L, 1505688738L, -819731824L, -1245204935L, 
-822341909L, 397807580L, -931098102L, -173591297L, -1064787639L, 
-1571826978L, 1543946380L, 434067549L, -650324377L, -1970747504L, 
-1126429778L, 1754411611L, 1906535997L, -459558742L, 708055368L, 
1663440241L, -1672224029L, -297588252L, 1358038290L, 2099722471L, 
-1575289167L, -1270209290L, -1458858220L, 1338531877L, 1728099631L, 
-1827202328L, -2083350586L, 109218419L, 1374493909L, 1106714290L, 
551487104L, -1872679319L, -427248933L, -389075412L, 2070326842L, 
-1516410641L, -448400519L, 208027662L, -218495524L, -902224307L, 
-1820957257L, -146244800L, -652461538L, -116106005L, -1076042643L, 
-1566960422L, 1040702616L, 1800137473L, 432918707L, -1801839660L, 
-813521182L, 1431574391L, 829364929L, -1118803386L, -1588615804L, 
1769405237L, -1288353505L, 1018650744L, -286794410L, 554533859L, 
-1970758235L, 2018574402L, -1496404432L, -614418855L, 1475375051L, 
1102696508L, 183721578L, -742402913L, 1196627241L, 816046526L, 
-2050547540L, 1803974141L, -1184842425L, 1820907056L, -537051314L, 
230962043L, -130927395L, -976956150L, 2139476008L, 1620100241L, 
1131286659L, 1533804932L, 84823986L, 1674875143L, 624755537L, 
62497494L, 344030132L, -1387576379L, 1403654927L, 814403976L, 
266749094L, 168268883L, -1994828363L, -1763370222L, -2113705760L, 
1672346953L, -243286149L, -985380276L, -2062150694L, -876578353L, 
1578069913L, -984242258L, -23204676L, 905577773L, 435091159L, 
-1027604704L, 1034098814L, 698277451L, -1799818163L, 2116557434L, 
-712822088L, 453208161L, -352937453L, -7040972L, -56537534L, 
1676495447L, -1353205343L, 1740536422L, -557028764L, 1817123221L, 
61960895L, 1884850776L, -2070462858L, 23208579L, -625305915L, 
-1736481822L, -195371440L, -1347564679L, 1115381931L, -908556260L, 
-553007286L, 2065743679L, 1938858377L, -174743138L, -145713076L, 
